              precision    recall  f1-score   support

           0       0.88      0.97      0.92      1744
           1       0.91      0.94      0.93      5099
           2       0.97      0.97      0.97      4149
           3       0.94      0.95      0.94      2882
           4       0.91      0.97      0.94      2523
           5       0.94      0.96      0.95      2384
           6       0.94      0.96      0.95      1977
           7       0.90      0.95      0.93      2019
           8       0.91      0.96      0.94      1660
           9       0.92      0.97      0.94      1595
          bg       1.00      0.96      0.98     26032

    accuracy                           0.96     52064
   macro avg       0.93      0.96      0.94     52064
weighted avg       0.96      0.96      0.96     52064
