              precision    recall  f1-score   support

           0       0.92      0.97      0.94      1744
           1       0.92      0.96      0.94      5099
           2       0.97      0.97      0.97      4149
           3       0.96      0.94      0.95      2882
           4       0.96      0.98      0.97      2523
           5       0.95      0.97      0.96      2384
           6       0.95      0.97      0.96      1977
           7       0.95      0.94      0.95      2019
           8       0.92      0.97      0.94      1660
           9       0.93      0.97      0.95      1595
          bg       1.00      0.97      0.99     26032

    accuracy                           0.97     52064
   macro avg       0.95      0.97      0.96     52064
weighted avg       0.97      0.97      0.97     52064
